[2, 100, 5, 0.4460464254083335]
[2, 100, 10, 0.7134302962117531]
[2, 100, 20, 0.6044604076177749]
[2, 100, 50, 0.515560131337303]
[2, 100, 100, 0.8301016213691887]
[2, 100, 500, 0.7004052754499245]
[2, 200, 5, 0.48462606908755335]
[2, 200, 10, 0.5290307141324619]
[2, 200, 20, 0.8172263115816172]
[2, 200, 50, 0.5554303199844285]
[2, 200, 100, 0.562596427219888]
[2, 200, 500, 0.7934002451545568]
[2, 500, 5, 0.6536930773192082]
[2, 500, 10, 0.71542675452038]
[2, 500, 20, 0.7425915051869251]
[2, 500, 50, 0.684877403016001]
[2, 500, 100, 0.67980969372584]
